	5.71	0.62	8.39	48.61	0.00	36.68
	7.11	0.00	6.60	85.28	0.00	1.02
	8.02	0.00	2.01	88.72	0.00	1.25
	8.38	0.00	1.27	90.36	0.00	0.00
	5.29	0.00	1.76	92.95	0.00	0.00
	18.23	0.00	2.03	78.48	0.00	1.27
	2.27	0.00	0.76	94.71	0.00	2.27
	3.53	0.00	1.26	94.71	0.00	0.50
	2.01	0.00	1.25	96.74	0.00	0.00
	6.53	0.00	1.76	91.71	0.00	0.00
	3.26	0.00	3.26	93.48	0.00	0.00
	8.52	0.00	2.76	88.72	0.00	0.00
	2.74	0.00	2.00	95.26	0.00	0.00
	2.78	0.00	1.52	88.61	0.00	7.09
	22.06	0.00	28.07	47.62	0.00	2.26
	37.78	0.00	5.04	56.68	0.00	0.50
	15.54	0.00	3.01	81.45	0.00	0.00
	43.47	0.00	6.78	49.25	0.00	0.50
	8.54	0.00	1.51	87.94	0.00	2.01
	6.02	0.00	0.75	87.22	0.00	6.02
	6.00	0.00	1.25	84.50	0.00	8.25
	11.11	0.00	2.02	72.22	0.00	14.65
	33.92	0.00	4.24	54.36	0.00	7.48
	42.96	0.25	21.11	30.90	0.00	4.77
	10.35	0.00	1.26	73.99	0.00	14.39
	67.42	0.00	7.83	20.20	0.00	4.55
	14.81	0.00	8.64	59.26	0.00	17.28
	11.90	0.00	1.27	68.86	0.00	17.97
	20.65	0.25	2.74	66.17	0.00	10.20
	20.40	0.00	2.77	60.20	0.00	16.62
	11.87	0.00	2.02	60.35	0.00	25.76
	5.29	0.00	0.76	74.31	0.00	19.65
	9.39	0.00	2.54	60.15	0.00	27.92
	9.11	1.01	11.65	59.49	0.00	18.73
	6.57	0.00	1.26	71.72	0.00	20.45
	12.28	0.00	2.01	61.90	0.00	23.81
	9.34	0.00	2.02	62.63	0.00	26.01
	9.11	0.00	1.52	61.52	0.00	27.85
	11.62	0.00	2.02	58.08	0.00	28.28
	12.98	0.25	3.31	58.02	0.00	25.45
	1.25	5.99	2.49	69.83	0.00	20.45
	1.76	1.26	0.25	79.35	0.00	17.38
	1.25	6.52	0.75	64.16	0.00	27.32
	1.25	6.27	0.50	68.67	0.00	23.31
	2.26	8.54	11.81	57.04	0.00	20.35
	3.52	2.01	0.75	70.85	0.00	22.86
	2.50	1.50	1.00	66.00	0.00	29.00
	1.01	3.04	0.25	80.00	0.00	15.70
	1.00	6.52	0.75	71.93	0.00	19.80
	1.26	1.76	0.50	72.04	0.00	24.43
	6.28	18.59	2.51	50.75	0.00	21.86
	7.11	0.00	3.30	58.38	0.00	31.22
	1.52	0.00	1.01	28.35	0.00	69.11
	1.51	0.00	0.25	33.25	0.00	64.99
	1.01	1.27	10.63	25.57	0.00	61.52
	2.28	0.00	1.02	27.92	0.00	68.78
	2.05	0.00	1.53	29.67	0.00	66.75
	4.06	0.00	1.52	28.93	0.00	65.48
	3.53	0.00	2.27	22.17	0.00	72.04
	17.81	0.00	8.14	32.57	0.00	41.48
	4.30	0.25	2.78	26.58	0.00	66.08
	3.02	0.00	1.26	34.76	0.00	60.96
	2.25	0.00	1.50	31.25	0.00	65.00
	2.02	0.00	1.26	33.25	0.00	63.48
	3.02	0.00	1.01	34.26	0.00	61.71
	2.26	1.00	10.03	30.58	0.00	56.14
	20.40	0.00	7.56	25.44	0.00	46.60
	1.75	0.00	2.49	41.15	0.00	54.61
	1.78	0.00	2.28	38.83	0.00	57.11
	2.53	0.00	2.27	34.60	0.00	60.61
	2.27	0.00	2.27	36.11	0.00	59.34
	5.30	0.00	1.77	29.29	0.00	63.64
	19.25	0.00	2.75	19.75	0.00	58.25
	33.00	2.25	20.75	7.25	0.00	36.75
	10.67	18.11	12.16	15.88	0.00	43.18
	3.02	14.61	15.11	8.31	0.00	58.94
	2.50	0.00	1.50	1.50	0.00	94.50
	1.01	0.00	1.01	0.00	0.00	97.99
	1.26	0.00	1.26	0.00	0.00	97.48
	0.50	0.00	1.01	0.25	0.00	98.24
	0.75	0.00	1.00	0.00	0.00	98.25
	1.00	0.00	1.50	0.00	0.00	97.50
	1.25	0.00	1.00	0.75	0.00	97.00
	8.04	0.25	3.27	0.00	0.00	88.44
